0.100993
0.005709
0.559233
0.877008
0.849768
0.423659
0.055391
0.129567
0.050140
0.124111
0.583824
0.802594
0.319736
0.413939
0.448064
0.658601
0.094624
0.280107
0.094834
0.009514
0.977793
0.320767
0.491339
0.737603
0.123473
0.595700
0.652569
0.497177
0.883712
0.041431
0.527887
0.533461
0.000000
0.000000
0.000000
0.000000
0.000000
0.000000
0.000000
0.000000
0.644867
0.676988
0.756167
0.887216
0.862203
0.720419
0.155977
0.166208
0.516321
0.091070
0.376017
0.173238
0.909378
0.824820
0.784442
0.494095
0.191585
0.419116
0.135979
0.002859
0.210594
0.422728
0.039686
0.374100
0.451336
0.138442
0.528865
0.701131
0.821372
0.243214
0.186459
0.984512
0.836518
0.910900
0.820490
0.963129
0.944237
0.701673
0.807038
0.046785
