0.080514
0.611423
0.908283
0.849408
0.689469
0.371700
0.363751
0.357821
0.221595
0.654432
0.128181
0.959692
0.634593
0.962277
0.053393
0.385694
0.329306
0.902962
0.564510
0.387500
0.848084
0.864904
0.450832
0.211171
0.549963
0.480602
0.005175
0.323164
0.001650
0.417534
0.175169
0.760375
0.392128
0.143537
0.130987
0.693827
0.014459
0.271461
0.443408
0.954022
0.675322
0.150832
0.408687
0.540705
0.108712
0.776002
0.438118
0.326352
0.009868
0.034439
0.280752
0.674311
0.353324
0.406688
0.591298
0.689498
0.994747
0.253775
0.255139
0.793911
0.464130
0.388494
0.672678
0.675105
0.277573
0.402525
0.219250
0.219141
0.324256
0.888299
0.925370
0.892738
0.803854
0.952639
0.080514
0.901845
0.510123
0.339341
0.618886
0.627907
0.775161
0.535079
0.230306
0.773164
0.980876
0.039767
0.300813
0.546998
0.177492
0.264751
0.783250
0.975177
0.728283
0.110794
0.546871
0.333060
0.050210
0.436025
0.137660
0.769048
0.573861
0.171449
0.956102
0.787471
0.804036
0.097344
0.074731
0.464300
0.027890
0.941133
0.347363
0.401110
0.421055
0.475805
0.643426
0.495872
0.070707
0.227187
0.963026
0.910040
0.378627
0.602217
0.053911
0.622484
0.024333
0.824201
0.003460
0.644338
0.275904
0.294887
0.473739
0.104511
0.702467
0.110416
0.661324
0.980434
0.568214
0.536682
0.290744
0.636634
0.667285
0.907031
0.522633
0.293260
0.428823
0.155964
0.364229
0.946101
0.192378
0.904943
0.520659
0.952945
0.332386
0.484780
0.802861
0.018294
0.935561
0.281302
0.442321
0.901547
0.148005
0.197444
0.961658
0.178205
0.871072
0.910259
0.409726
0.812409
0.963138
0.697462
0.482122
0.157594
0.988671
0.810230
0.628124
0.624147
0.664551
0.792585
0.396166
0.378802
0.961307
0.316906
0.407260
0.085869
0.768392
0.442871
0.205873
0.202852
0.667661
0.978308
0.794123
0.363377
0.228544
0.216019
0.827703
0.120552
0.914149
0.774333
0.275343
0.678874
0.364536
0.134366
0.992726
0.553652
0.747872
0.754501
0.546871
0.569124
0.596810
0.887752
0.729767
0.545973
0.152620
0.048239
0.594096
0.360377
0.220971
0.469949
0.173764
0.383740
0.092340
0.950825
0.192378
0.344705
0.821714
0.031826
0.098703
0.255871
0.509808
0.875911
0.179467
0.034281
0.904464
0.205605
0.887689
0.124506
0.878955
0.300674
0.764611
0.996976
0.136551
0.678398
0.640095
0.760761
0.171135
0.140058
0.790592
0.252513
0.649856
0.687727
0.760802
0.013335
0.868917
0.994831
0.411158
0.995995
0.035412
0.279173
0.856545
0.474983
0.111020
0.629730
0.388826
0.764570
0.509371
0.389419
0.682279
0.780099
0.999953
0.776869
0.517876
0.158468
0.990927
0.559498
0.008709
0.298587
0.065834
0.294004
0.276906
0.967679
0.299132
0.760720
0.408285
0.964774
0.046224
0.581407
0.381336
0.036173
0.375443
0.656445
0.216585
0.983345
0.561210
0.216034
0.608136
0.950825
0.184035
0.129060
0.555740
0.667010
0.468238
0.177934
0.720958
0.915961
0.873878
0.849098
0.124091
0.534146
0.330146
0.903119
0.914363
0.770904
0.193317
0.249865
0.449607
0.487271
0.694733
0.913077
0.906451
0.657459
0.610731
0.906092
0.267976
0.859825
0.083745
0.882751
0.704944
0.370044
0.179713
0.367431
0.344551
0.899913
0.131585
0.365104
0.897146
0.836282
0.847833
0.458425
0.256986
0.120652
0.332814
0.749919
0.397846
0.860657
0.709720
0.513177
0.138092
0.625072
0.765914
0.845844
0.958956
0.990091
0.478087
0.955822
0.068973
0.827978
0.206306
0.037212
0.153114
0.472694
0.783921
0.799098
0.950169
0.195836
0.432800
0.324245
0.420980
0.611337
0.060145
0.227727
0.184035
0.166578
0.051237
0.099434
0.387039
0.731235
0.094381
0.236419
0.488733
0.409469
0.011261
0.006249
0.412937
0.379140
0.171052
0.128954
0.648755
0.286557
0.178179
0.372230
0.705402
0.236610
0.035100
0.066276
0.965794
0.445149
0.059751
0.036957
0.514673
0.356150
0.304747
0.516844
0.659124
0.723327
0.651898
0.611611
0.033144
0.494157
0.212451
0.033435
0.793686
0.091469
0.886135
0.853294
0.458633
0.878541
0.369917
0.779505
0.543281
0.220554
0.464012
0.270796
0.342168
0.088481
0.342408
0.201443
0.880649
0.805769
0.596020
0.919996
0.978062
0.663119
0.618048
0.336821
0.218211
0.830161
0.248938
0.189833
0.652449
0.419627
0.364331
0.040877
0.858967
0.227727
0.363059
0.016051
0.941256
0.063879
0.802194
0.496900
0.054198
0.198157
0.823609
0.477795
0.673126
0.803723
0.874100
0.470925
0.805132
0.393583
0.499486
0.752823
0.157863
0.834510
0.788846
0.831057
0.320352
0.669932
0.578537
0.374921
0.838732
0.709491
0.520300
0.762055
0.620201
0.396490
0.605643
0.153272
0.238412
0.941011
0.363774
0.475394
0.376278
0.169344
0.354350
0.566993
0.798388
0.091943
0.590352
0.658342
0.120381
0.476906
0.600677
0.651131
0.469870
0.341014
0.035005
0.332279
0.173071
0.654346
0.528863
0.991786
0.120381
0.708591
0.907889
0.890633
0.181225
0.387418
0.439822
0.382180
0.218390
0.243482
0.585868
0.636287
0.016512
0.458542
0.878780
0.626880
0.363059
0.446149
0.515222
0.948439
0.495805
0.286566
0.649653
0.658356
0.902745
0.064328
0.579764
0.488263
0.105678
0.637242
0.321103
0.906247
0.054435
0.435746
0.052157
0.145307
0.371607
0.103032
0.331137
0.233203
0.413626
0.892563
0.082453
0.006025
0.230974
0.321437
0.207322
0.858386
0.781137
0.173504
0.860149
0.697189
0.668760
0.395256
0.236444
0.689872
0.551173
0.329891
0.142558
0.026878
0.978286
0.005109
0.806927
0.174458
0.043782
0.448822
0.335614
0.427518
0.674239
0.384316
0.014483
0.545454
0.811701
0.439835
0.106625
0.409861
0.300425
0.578722
0.331051
0.926027
0.286749
0.266505
0.299063
0.589635
0.164995
0.930202
0.340036
0.889589
0.116980
0.626880
0.253819
0.679062
0.295486
0.369378
0.064358
0.744550
0.060099
0.847331
0.498416
0.440663
0.047343
0.034973
0.691555
0.158630
0.448101
0.058258
0.719764
0.189498
0.774903
0.993274
0.519625
0.841205
0.545047
0.085890
0.579279
0.729145
0.696528
0.804376
0.869243
0.336185
0.893089
0.648321
0.384316
0.555274
0.273388
0.926639
0.786869
0.704214
0.689109
0.392533
0.299033
0.560219
0.807420
0.486882
0.204610
0.377137
0.923810
0.285145
0.096763
0.405046
0.792041
0.492863
0.313958
0.338042
0.769744
0.794587
0.068722
0.759065
0.164270
0.962121
0.710206
0.678715
0.230958
0.115179
0.565461
0.454879
0.903011
0.568626
0.550385
0.446765
0.687007
0.420744
0.116412
0.513561
0.253819
0.295654
0.509877
0.957555
0.904122
0.932659
0.274579
0.499161
0.059867
0.935175
0.448435
0.111201
0.632986
0.167067
0.437064
0.471453
0.370722
0.908436
0.535163
0.628240
0.831628
0.833337
0.593393
0.129580
0.041294
0.122590
0.774075
0.930662
0.880616
0.528683
0.390237
0.880335
0.211863
0.511245
0.534354
0.461123
0.072305
0.225612
0.583236
0.508592
0.475765
0.398255
0.520080
0.667835
0.392831
0.984634
0.590639
0.530182
0.875106
0.259924
0.116726
0.146701
0.008950
0.795592
0.773368
0.229200
0.038450
0.003119
0.469462
0.586398
0.559102
0.445866
0.783102
0.187840
0.714798
0.233746
0.329444
0.059738
0.507404
0.673805
0.186050
0.074740
0.638183
0.513561
0.160429
0.836258
0.135507
0.372564
0.828016
0.062788
0.657748
0.352745
0.744271
0.953478
0.584638
0.000403
0.446008
0.151212
0.803854
0.386921
0.103676
0.509125
0.639530
0.828278
0.109120
0.779843
0.053745
0.196287
0.446482
0.153605
0.192780
0.068973
0.085171
0.618409
0.915777
0.047053
0.717646
0.372460
0.943144
0.605657
0.963772
0.749028
0.019785
0.454516
0.025046
0.120239
0.146269
0.556742
0.573419
0.958546
0.258034
0.930837
0.232677
0.984026
0.452898
0.510178
0.800687
0.083463
0.118291
0.526451
0.504609
0.894866
0.373603
0.224884
0.204751
0.649769
0.965568
0.153371
0.721029
0.826840
0.145586
0.252653
0.896963
0.882601
0.535567
0.696729
0.701163
0.449774
0.151530
0.149073
0.472932
0.550779
0.868003
0.021732
0.407236
0.097395
0.771735
0.255659
0.397138
0.581078
0.238973
0.253248
0.417572
0.245787
0.431111
0.213093
0.315223
0.842454
0.269774
0.302000
0.423506
0.040394
0.830709
0.309034
0.895886
0.336056
0.292527
0.232258
0.936018
0.447266
0.911074
0.006364
0.692303
0.227687
0.807796
0.532406
0.658530
0.180796
0.870232
0.562711
0.477370
0.580293
0.581735
0.450832
0.237151
0.652550
0.503234
0.375049
0.720787
0.692907
0.549429
0.633406
0.892108
0.912412
0.742522
0.458438
0.679350
0.351167
0.341090
0.252880
0.841375
0.378860
0.398567
0.210003
0.269369
0.411085
0.873679
0.596149
0.059464
0.423718
0.804036
0.442781
0.735547
0.774849
0.228228
0.487807
0.864870
0.869783
0.923257
0.512355
0.228220
0.801788
0.679841
0.931933
0.037889
0.454115
0.111884
0.400362
0.190300
0.477742
0.955566
0.184580
0.701105
0.389015
0.239023
0.146409
0.111724
0.850253
0.021711
0.030813
0.052908
0.149159
0.878268
0.998239
0.816398
0.642759
0.130640
0.048588
0.450870
0.628572
0.225476
0.915326
0.057974
0.690390
0.770263
0.288099
0.007728
0.644816
0.438690
0.002970
0.122018
0.101499
0.964952
0.716066
0.537952
0.264969
0.830982
0.427869
0.535260
0.811559
0.751448
0.810385
0.064309
0.492822
0.428873
0.098894
0.456631
0.335528
0.326774
0.055094
0.883995
0.205040
0.185413
0.944674
0.120215
0.329955
0.735547
0.059454
0.404548
0.925127
0.901408
0.784954
0.420732
0.207802
0.202184
0.178882
0.548234
0.605557
0.029475
0.881114
0.707262
0.168338
0.054610
0.277422
0.035907
0.139260
0.097881
0.019294
0.385682
0.322441
0.039032
0.533616
0.417436
0.032059
0.884422
0.901637
0.964098
0.366894
0.129645
0.915289
0.586999
0.947299
0.103759
0.514041
0.513589
0.895397
0.101466
0.259710
0.197148
0.001769
0.217945
0.651261
0.825949
0.621935
0.276925
0.415325
0.389632
0.673762
0.223545
0.307776
0.561238
0.181850
0.098079
0.159076
0.507308
0.037238
0.163948
0.874587
0.620259
0.406055
0.025671
0.846264
0.923941
0.011041
0.897651
0.242658
0.403663
0.440217
0.181595
0.329955
0.870613
0.478991
0.026068
0.548150
0.221153
0.009764
0.522826
0.816180
0.906004
0.536947
0.562838
0.379863
0.387323
0.401074
0.808302
0.351966
0.313958
0.994726
0.712047
0.461828
0.102755
0.148629
0.721128
0.441900
0.112849
0.405739
0.377451
0.102747
0.796727
0.070690
0.709734
0.830398
0.461684
0.712731
0.852007
0.742872
0.543043
0.569991
0.060122
0.365925
0.098329
0.208170
0.411833
0.091514
0.598980
0.275764
0.752032
0.717119
0.472681
0.158648
0.615059
0.721454
0.961416
0.878661
0.899643
0.608871
0.048291
0.689239
0.645975
0.131744
0.961155
0.716920
0.862259
0.813271
0.653926
0.247375
0.180950
0.396646
0.567078
0.019403
0.543267
0.937538
0.362300
0.659630
0.870613
0.777492
0.516926
0.332129
0.923924
0.222631
0.983099
0.829601
0.385600
0.170031
0.851605
0.152625
0.865986
0.293269
0.032278
0.543393
0.700432
0.841424
0.733506
0.508605
0.796622
0.638241
0.186228
0.884080
0.940133
0.136160
0.306713
0.622195
0.304707
0.814234
0.650508
0.697088
0.994636
0.907956
0.873346
0.482068
0.246722
0.839574
0.529793
0.053389
0.501169
0.216639
0.346032
0.465952
0.374134
0.307735
0.014854
0.629166
0.132943
0.473580
0.206926
0.822296
0.586871
0.057555
0.683577
0.531849
0.870456
0.165766
0.469343
0.474586
0.172239
0.753212
0.509603
0.217634
0.263132
0.322106
0.252390
0.550216
0.909460
0.378487
0.002729
0.900353
0.458360
0.659630
0.370836
0.667560
0.418153
0.358136
0.411048
0.835151
0.514220
0.239535
0.547700
0.400266
0.170995
0.154943
0.121672
0.704429
0.594182
0.936999
0.064404
0.948075
0.780490
0.735012
0.735266
0.997916
0.391890
0.126755
0.457488
0.222615
0.499378
0.691814
0.637430
0.316647
0.416620
0.174589
0.283806
0.922773
0.261969
0.583923
0.559724
0.052204
0.453752
0.680014
0.202580
0.683635
0.438245
0.855433
0.719025
0.325203
0.107065
0.657357
0.314894
0.306835
0.979095
0.152753
0.503085
0.337804
0.759700
0.743390
0.914984
0.942435
0.205130
0.734407
0.992497
0.825535
0.054807
0.329412
0.302140
0.355478
0.736152
0.288688
0.591944
0.373730
0.900293
0.770358
0.195207
0.243558
0.370836
0.929724
0.514934
0.676636
0.992862
0.912149
0.575328
0.227421
0.603570
0.299341
0.091406
0.557745
0.076996
0.482402
0.121744
0.101719
0.471888
0.672996
0.280875
0.092262
0.597931
0.917436
0.014734
0.398435
0.078159
0.648567
0.382707
0.869749
0.194168
0.144356
0.556770
0.134846
0.283233
0.154114
0.980899
0.421850
0.355680
0.958974
0.570019
0.858921
0.375640
0.044442
0.850917
0.142843
0.332375
0.048006
0.545805
0.022012
0.536961
0.793739
0.480789
0.040823
0.962972
0.520728
0.587615
0.865041
0.177182
0.872868
0.135281
0.867505
0.564681
0.177723
0.026886
0.684341
0.863990
0.394311
0.668934
0.885625
0.236012
0.464234
0.788646
0.013144
0.128146
0.243558
0.856872
0.290676
0.689656
0.360332
0.232390
0.565432
0.874310
0.638458
0.207840
0.266442
0.715653
0.742270
0.143206
0.688461
0.441033
0.151212
0.205479
0.533157
0.309867
0.412827
0.293876
0.880172
0.559102
0.142333
0.986128
0.574260
0.250716
0.834387
0.505126
0.623612
0.615334
0.279844
0.323825
0.239997
0.569692
0.031293
0.434809
0.667965
0.884390
0.671551
0.344299
0.059941
0.852681
0.502595
0.467304
0.569877
0.943998
0.111152
0.886198
0.896557
0.935320
0.860888
0.502147
0.156659
0.908590
0.664320
0.520659
0.198374
0.470490
0.420396
0.023806
0.293896
0.974208
0.372818
0.703212
0.219258
0.632074
0.988172
0.959437
0.294308
0.396310
0.157087
0.180327
0.671377
0.856872
0.896059
0.898529
0.553469
0.465034
0.246404
0.660977
0.763911
0.646438
0.580893
0.339049
0.384187
0.319863
0.942911
0.216856
0.137665
0.458073
0.906751
0.605456
0.578337
0.397966
0.204440
0.198801
0.175842
0.125845
0.645135
0.675712
0.767503
0.859790
0.523338
0.459011
0.437382
0.833596
0.805405
0.501766
0.142519
0.236793
0.711248
0.040506
0.835385
0.890185
0.449349
0.296511
0.114628
0.830087
0.876373
0.151368
0.368015
0.339265
0.039118
0.063296
0.343391
0.590954
0.002390
0.889861
0.931012
0.200006
0.189540
0.864356
0.261143
0.355411
0.529168
0.243652
0.349616
0.911640
0.815553
0.493146
0.430079
0.983279
0.258417
0.863532
0.831268
0.458034
0.671377
