0.137485
0.156648
0.212946
0.281458
0.123698
0.130000
0.320833
0.595883
0.759463
0.838256
0.434941
0.193313
0.140071
0.141184
0.106186
0.046750
0.061343
0.099739
0.000000
0.000000
0.000000
0.000000
0.000000
0.000000
0.000000
0.000000
0.000000
0.000000
0.000000
0.000000
0.000000
0.000000
0.000000
0.000000
0.000000
0.000000
0.000000
0.000000
0.000000
0.000000
0.000000
0.000000
0.000000
0.000000
0.000000
0.000000
0.000000
0.000000
0.000000
0.000000
0.000000
0.000000
0.000000
0.000000
0.000000
0.000000
0.000000
0.000000
0.000000
0.000000
0.000000
0.000000
0.000000
0.000000
0.000000
0.000000
0.000000
0.000000
0.000000
0.000000
0.000000
0.000000
0.000000
0.000000
0.000000
0.000000
0.000000
0.000000
0.000000
0.000000
0.000000
0.000000
0.000000
0.000000
0.000000
0.000000
0.000000
0.000000
0.000000
0.000000
0.834310
0.610755
0.945512
0.852646
1.000000
0.888893
0.857878
0.929147
0.558387
0.622131
0.355098
0.610277
0.888893
0.959057
0.703371
0.436918
0.339898
0.209457
0.000000
0.000000
0.000000
0.000000
0.000000
0.000000
0.000000
0.000000
0.000000
0.000000
0.000000
0.000000
0.000000
0.000000
0.000000
0.000000
0.000000
0.000000
0.295097
0.323043
0.321404
0.120643
0.061598
0.151174
0.180203
0.198887
0.414550
0.572944
0.363944
0.363403
0.522693
0.740410
0.858005
0.720377
0.599754
0.512578
0.000000
0.000000
0.000000
0.000000
0.000000
0.000000
0.000000
0.000000
0.000000
0.000000
0.000000
0.000000
0.000000
0.000000
0.000000
0.000000
0.000000
0.000000
0.039767
0.067088
0.117990
0.199999
0.313115
0.302886
0.193029
0.053132
0.007895
0.033569
0.131793
0.268992
0.506972
0.944750
0.878218
0.979555
0.876762
0.884184
0.000000
0.000000
0.000000
0.000000
0.000000
0.000000
0.000000
0.000000
0.000000
0.000000
0.000000
0.000000
0.000000
0.000000
0.000000
0.000000
0.000000
0.000000
0.073336
0.070510
0.074998
0.097851
0.141928
0.228809
0.317024
0.551044
0.986269
0.958822
0.826957
0.981578
0.860580
0.787441
0.819393
0.886131
0.904497
0.622326
0.000000
0.000000
0.000000
0.000000
0.000000
0.000000
0.000000
0.000000
0.000000
0.000000
0.000000
0.000000
0.000000
0.000000
0.000000
0.000000
0.000000
0.000000
0.758619
0.946649
0.522877
0.270184
0.356810
0.695196
0.948661
0.641570
0.261425
0.113249
0.279859
0.536487
0.616617
0.802926
0.951538
0.929995
0.800431
0.732190
0.000000
0.000000
0.000000
0.000000
0.000000
0.000000
0.000000
0.000000
0.000000
0.000000
0.000000
0.000000
0.000000
0.000000
0.000000
0.000000
0.000000
0.000000
0.000000
0.000000
0.000000
0.000000
0.000000
0.000000
0.000000
0.000000
0.000000
0.000000
0.000000
0.000000
0.000000
0.000000
0.000000
0.000000
0.000000
0.000000
0.213546
0.142763
0.079868
0.052739
0.099208
0.272712
0.618557
0.983186
0.742515
0.351948
0.259530
0.303742
0.447961
0.779590
0.951731
0.943503
0.861581
0.821391
0.107077
0.182469
0.333380
0.576770
0.716072
0.430696
0.453625
0.710465
0.470952
0.097683
0.191914
0.112760
0.020351
0.007747
0.016533
0.022899
0.041097
0.107077
0.000000
0.000000
0.000000
0.000000
0.000000
0.000000
0.000000
0.000000
0.000000
0.000000
0.000000
0.000000
0.000000
0.000000
0.000000
0.000000
0.000000
0.000000
0.000000
0.000000
0.000000
0.000000
0.000000
0.000000
0.000000
0.000000
0.000000
0.000000
0.000000
0.000000
0.000000
0.000000
0.000000
0.000000
0.000000
0.000000
