0.716924
0.462209
0.218439
0.089956
0.119186
0.100741
0.054763
0.285253
0.868076
0.433595
0.091971
0.028812
0.104518
0.214305
0.402546
0.640309
0.611086
0.394349
0.075028
0.030547
0.020160
0.037706
0.032468
0.008908
0.017882
0.174231
0.653962
0.614052
0.858779
0.850923
0.924074
0.947878
0.806478
0.489210
0.381413
0.505467
0.031458
0.014415
0.030877
0.135344
0.215632
0.175016
0.087923
0.034388
0.095352
0.495057
0.194124
0.402998
0.977141
0.820090
0.647563
0.806223
0.799139
0.806337
0.172881
0.195402
0.150219
0.117795
0.102447
0.035527
0.024923
0.064758
0.204777
0.237364
0.689646
0.907655
0.593518
0.637842
0.787644
0.654432
0.408821
0.493346
0.000000
0.000000
0.000000
0.000000
0.000000
0.000000
0.000000
0.000000
0.000000
0.000000
0.000000
0.000000
0.000000
0.000000
0.000000
0.000000
0.000000
0.000000
0.591036
0.510784
0.542108
0.895384
0.740304
0.791980
0.766879
0.672285
0.986082
0.364338
0.499798
0.395120
0.230131
0.379914
0.320172
0.355424
0.695156
0.570747
0.993625
0.922079
0.694415
0.490003
0.244441
0.284267
0.819375
0.299948
0.096196
0.680503
0.790032
0.751439
0.808165
0.325718
0.249254
0.222569
0.153020
0.171867
0.080242
0.154424
0.214211
0.137465
0.055232
0.021536
0.004729
0.000327
0.001719
0.706082
0.838256
0.957967
0.617859
0.194851
0.240955
0.356661
0.245077
0.108193
0.581971
0.669341
0.591400
0.336933
0.408247
0.484993
0.291685
0.286124
0.398346
0.901974
0.862889
0.987444
0.952272
0.869555
0.890291
0.678283
0.649605
0.694607
0.982822
0.783272
0.628226
0.586268
0.621877
0.762665
0.957784
0.850931
0.700467
0.835900
0.797742
0.926193
0.703742
0.236548
0.098820
0.035637
0.010950
0.004382
